31622.78
25118.86
19952.62
15848.93
12589.25
10000
7943.282
6309.573
5011.872
3981.072
3162.278
2511.886
1995.262
1584.893
1258.925
1000
794.3282
630.9573
501.1872
398.1072
316.2278
251.1886
199.5262
158.4893
125.8925
100
79.43282
63.09573
50.11872
39.81072
31.62278
25.11886
19.95262
15.84893
12.58925
10
7.94328
6.30957
5.01187
3.98107
3.16228
2.51189
1.99526
1.58489
1.25893
1
0.79433
0.63096
0.50119
0.39811
0.31623
0.25119
0.19953
0.15849
0.12589
0.1
0.07943
0.0631
0.05012
0.03981
0.03162
0.02512
0.01995
0.01585
0.01259
0.01
0.00794
0.00631
0.00501
